國文,英文,數學,社會,自然
15,8,7,12,10
8,6,9,15,12
15,9,6,6,12
13,10,11,7,9
7,10,11,6,11
11,14,9,14,15
13,8,13,10,7
14,8,14,11,11
8,13,10,9,13
8,10,10,8,10
15,12,7,8,6
15,10,10,11,13
7,7,15,7,8
14,14,9,13,12
7,10,14,9,6
8,8,6,14,15
8,14,15,7,7
8,15,7,14,6
15,7,12,11,9
6,9,10,14,12
6,11,6,9,15
8,7,9,14,12
10,15,8,9,10
11,11,6,15,8
12,11,9,12,6
10,12,9,15,8
14,8,9,10,7
11,13,12,12,9
11,11,14,7,11
15,12,11,12,8
13,13,8,10,14
6,8,10,9,15
12,14,13,14,8
14,6,7,11,6
7,8,14,6,8
12,9,13,14,15
15,10,9,14,13
12,13,11,6,14
9,11,15,15,8
6,7,12,14,12
6,14,9,15,11
7,12,15,6,11
13,10,6,11,9
8,14,9,12,8
14,14,7,7,13
11,13,9,12,15
11,12,9,10,8
7,10,12,14,10
8,8,14,12,8
12,6,13,12,14
6,15,8,15,13
12,10,12,13,7
9,11,14,10,12
7,13,13,12,10
8,15,14,11,14
7,13,15,14,10
10,14,6,9,9
10,10,10,10,8
14,15,12,11,7
14,14,14,8,6
7,8,9,11,12
10,9,8,13,7
15,7,13,13,9
15,10,9,10,7
7,6,9,13,14
13,11,13,14,14
15,14,12,6,12
12,6,14,9,12
15,12,9,13,6
12,13,12,6,6
14,13,15,11,15
8,11,7,7,10
9,10,14,15,6
14,13,10,14,12
10,6,11,10,8
11,12,10,12,10
11,6,8,14,11
15,11,11,11,9
10,12,11,9,9
6,9,14,13,8
7,15,11,7,14
7,12,6,8,15
10,10,6,15,11
8,11,14,11,10
13,15,8,10,14
11,14,13,11,10
7,8,10,6,8
12,15,15,14,9
10,12,8,14,6
10,6,15,10,9
10,15,8,9,9
14,7,12,8,8
14,7,7,14,9
8,6,7,8,12
13,14,13,11,10
13,13,9,9,15
12,14,13,15,13
15,13,6,6,15
7,12,11,12,6
10,15,12,14,8
